================1================
Chapter 1: 2,4,5,7,10,15,17,20,22,23,25,28,29,30,32,35,38,41,42,43,46,48,50,53,54,56,57,58,61,62,65,68,70,78,83,86,87,91,
Chapter 2: 2,3,5,6,8,10,13,15,16,17,20,22,23,27,28,29,30,31,32,34,48,50,53,55,58,60,62,63,65,70,71,72,73,74,75,77,80,81,85,86,87,88,89,92,93,95,96,98,100,102,104,106,108,111,113,114,115,122,124,126,133,137,138,
Chapter 20: 1,2,3,4,8,11,14,15,16,20,21,34,35,39,42,47,49,54,55,59,68,77,80,81,85,88,92,95,98,101,104,105,107,114,115,
Chapter 21: 2,3,4,5,6,7,8,12,14,16,17,18,19,36,37,38,39,40,41,45,46,47,49,56,65,66,68,81,96,98,104,
=============================================
================2================
Chapter 23: 1,3,6,7,16,27,29,31,33,40,45,47,49,55,56,57,65,76,77,80,81,91,97,99,103,107,110,116,117,122,126,127,129,130,132,
Chapter 24: 6,9,11,12,13,14,16,29,38,40,41,48,50,54,57,59,61,62,67,68,69,71,74,76,77,78,80,87,88,89,90,91,96,97,98,106,107,108,110,111,115,
Chapter 25: 3,4,7,12,22,23,25,28,30,32,34,35,39,41,49,60,61,71,83,84,86,88,91,95,96,105,
Chapter 26: 1,3,6,8,11,15,16,19,20,22,24,25,27,29,32,36,41,44,45,46,48,53,57,59,60,62,65,68,72,77,78,109,114,117,
=============================================
================3================
Chapter 27: 4,5,9,13,15,18,24,41,42,43,47,53,58,61,76,78,90,98,99,100,129,
Chapter 28: 8,26,42,48,52,84,86,
Chapter 29: 1,9,11,20,22,32,36,52,55,65,66,67,68,69,70,71,73,76,77,94,95,98,100,
Chapter 30: 1,9,12,13,15,26,29,33,40,41,49,53,54,56,75,77,
=============================================

